3008 33B2 DDD9 0140 0000 0000,-56.5,6.019340611663256
3008 33B2 DDD9 0140 0000 0000,-55.5,6.031612457966341
3008 33B2 DDD9 0140 0000 0000,-55.5,6.031612457966341
3008 33B2 DDD9 0140 0000 0000,-55.5,6.013204688511713
3008 33B2 DDD9 0140 0000 0000,-55.5,6.031612457966341
3008 33B2 DDD9 0140 0000 0000,-55.5,6.062292073724054
3008 33B2 DDD9 0140 0000 0000,-55.5,6.037748381117884
3008 33B2 DDD9 0140 0000 0000,-55.5,6.025476534814798
3008 33B2 DDD9 0140 0000 0000,-55.5,6.037748381117884
3008 33B2 DDD9 0140 0000 0000,-55.5,6.000932842208628
3008 33B2 DDD9 0140 0000 0000,-55.5,6.037748381117884
3008 33B2 DDD9 0140 0000 0000,-55.5,6.037748381117884
3008 33B2 DDD9 0140 0000 0000,-55.5,6.013204688511713
3008 33B2 DDD9 0140 0000 0000,-55.5,6.050020227420969
3008 33B2 DDD9 0140 0000 0000,-55.5,6.031612457966341
3008 33B2 DDD9 0140 0000 0000,-55.5,6.025476534814798
3008 33B2 DDD9 0140 0000 0000,-56.0,6.037748381117884
3008 33B2 DDD9 0140 0000 0000,-55.5,6.019340611663256
3008 33B2 DDD9 0140 0000 0000,-55.5,6.013204688511713
3008 33B2 DDD9 0140 0000 0000,-55.5,6.019340611663256
3008 33B2 DDD9 0140 0000 0000,-55.5,6.031612457966341
3008 33B2 DDD9 0140 0000 0000,-55.5,6.019340611663256
3008 33B2 DDD9 0140 0000 0000,-55.5,5.988660995905543
3008 33B2 DDD9 0140 0000 0000,-55.5,5.994796919057086
3008 33B2 DDD9 0140 0000 0000,-55.5,6.037748381117884
3008 33B2 DDD9 0140 0000 0000,-55.5,6.013204688511713
3008 33B2 DDD9 0140 0000 0000,-55.5,5.982525072754001
3008 33B2 DDD9 0140 0000 0000,-55.5,6.019340611663256
3008 33B2 DDD9 0140 0000 0000,-55.5,6.007068765360171
3008 33B2 DDD9 0140 0000 0000,-55.5,6.062292073724054
3008 33B2 DDD9 0140 0000 0000,-55.5,5.988660995905543
3008 33B2 DDD9 0140 0000 0000,-55.5,6.000932842208628
3008 33B2 DDD9 0140 0000 0000,-55.5,6.013204688511713
3008 33B2 DDD9 0140 0000 0000,-55.5,5.939573610693203
3008 33B2 DDD9 0140 0000 0000,-55.5,5.988660995905543
3008 33B2 DDD9 0140 0000 0000,-55.5,6.025476534814798
3008 33B2 DDD9 0140 0000 0000,-55.5,6.000932842208628
3008 33B2 DDD9 0140 0000 0000,-55.5,6.043884304269426
3008 33B2 DDD9 0140 0000 0000,-55.5,5.994796919057086
3008 33B2 DDD9 0140 0000 0000,-55.5,5.994796919057086
3008 33B2 DDD9 0140 0000 0000,-56.0,6.050020227420969
3008 33B2 DDD9 0140 0000 0000,-55.5,6.105243535784852
