3008 33B2 DDD9 0140 0000 0000,-55.5,6.080699843178682
3008 33B2 DDD9 0140 0000 0000,-55.5,6.129787228391022
3008 33B2 DDD9 0140 0000 0000,-55.0,6.092971689481767
3008 33B2 DDD9 0140 0000 0000,-55.0,6.135923151542564
3008 33B2 DDD9 0140 0000 0000,-55.0,6.080699843178682
3008 33B2 DDD9 0140 0000 0000,-55.0,6.074563920027139
3008 33B2 DDD9 0140 0000 0000,-55.0,6.0991076126333095
3008 33B2 DDD9 0140 0000 0000,-55.0,6.056156150572511
3008 33B2 DDD9 0140 0000 0000,-55.0,6.092971689481767
3008 33B2 DDD9 0140 0000 0000,-55.0,6.086835766330224
3008 33B2 DDD9 0140 0000 0000,-55.0,6.068427996875596
3008 33B2 DDD9 0140 0000 0000,-55.0,6.043884304269426
3008 33B2 DDD9 0140 0000 0000,-55.0,6.092971689481767
3008 33B2 DDD9 0140 0000 0000,-55.0,6.080699843178682
3008 33B2 DDD9 0140 0000 0000,-55.0,6.12365130523948
3008 33B2 DDD9 0140 0000 0000,-55.0,6.080699843178682
3008 33B2 DDD9 0140 0000 0000,-55.0,6.086835766330224
3008 33B2 DDD9 0140 0000 0000,-55.0,6.111379458936394
3008 33B2 DDD9 0140 0000 0000,-54.5,6.092971689481767
3008 33B2 DDD9 0140 0000 0000,-55.0,6.135923151542564
3008 33B2 DDD9 0140 0000 0000,-55.0,6.105243535784852
3008 33B2 DDD9 0140 0000 0000,-55.0,6.086835766330224
3008 33B2 DDD9 0140 0000 0000,-55.0,6.080699843178682
3008 33B2 DDD9 0140 0000 0000,-55.0,6.117515382087937
3008 33B2 DDD9 0140 0000 0000,-55.0,6.117515382087937
3008 33B2 DDD9 0140 0000 0000,-55.0,6.092971689481767
3008 33B2 DDD9 0140 0000 0000,-55.5,6.080699843178682
3008 33B2 DDD9 0140 0000 0000,-55.0,6.080699843178682
3008 33B2 DDD9 0140 0000 0000,-55.0,6.105243535784852
3008 33B2 DDD9 0140 0000 0000,-55.0,6.105243535784852
3008 33B2 DDD9 0140 0000 0000,-55.0,6.111379458936394
3008 33B2 DDD9 0140 0000 0000,-55.0,6.105243535784852
3008 33B2 DDD9 0140 0000 0000,-55.0,6.074563920027139
3008 33B2 DDD9 0140 0000 0000,-55.5,6.068427996875596
3008 33B2 DDD9 0140 0000 0000,-55.0,6.105243535784852
3008 33B2 DDD9 0140 0000 0000,-55.0,6.068427996875596
3008 33B2 DDD9 0140 0000 0000,-55.0,6.074563920027139
3008 33B2 DDD9 0140 0000 0000,-55.0,6.092971689481767
3008 33B2 DDD9 0140 0000 0000,-55.0,6.068427996875596
3008 33B2 DDD9 0140 0000 0000,-55.0,6.117515382087937
3008 33B2 DDD9 0140 0000 0000,-55.0,6.074563920027139
3008 33B2 DDD9 0140 0000 0000,-55.0,6.092971689481767
3008 33B2 DDD9 0140 0000 0000,-55.0,6.12365130523948
