3008 33B2 DDD9 0140 0000 0000,-54.5,0.006135923151542322
3008 33B2 DDD9 0140 0000 0000,-54.5,6.280117345603815
3008 33B2 DDD9 0140 0000 0000,-54.5,0.03681553890925571
3008 33B2 DDD9 0140 0000 0000,-54.5,0.012271846303085532
3008 33B2 DDD9 0140 0000 0000,-54.5,0.03681553890925571
3008 33B2 DDD9 0140 0000 0000,-54.0,6.277049384028044
3008 33B2 DDD9 0140 0000 0000,-54.0,6.277049384028044
3008 33B2 DDD9 0140 0000 0000,-54.0,0.006135923151542322
3008 33B2 DDD9 0140 0000 0000,-54.5,0.024543692606170175
3008 33B2 DDD9 0140 0000 0000,-54.0,0.03681553890925571
3008 33B2 DDD9 0140 0000 0000,-54.0,6.22182607566416
3008 33B2 DDD9 0140 0000 0000,-54.0,0.030679615757712497
3008 33B2 DDD9 0140 0000 0000,-54.0,6.270913460876501
3008 33B2 DDD9 0140 0000 0000,-54.0,6.277049384028044
3008 33B2 DDD9 0140 0000 0000,-54.0,6.283185307179586
3008 33B2 DDD9 0140 0000 0000,-54.5,0.018407769454627854
3008 33B2 DDD9 0140 0000 0000,-54.0,0.018407769454627854
3008 33B2 DDD9 0140 0000 0000,-54.0,0.024543692606170175
3008 33B2 DDD9 0140 0000 0000,-54.0,6.283185307179586
3008 33B2 DDD9 0140 0000 0000,-54.0,6.258641614573416
3008 33B2 DDD9 0140 0000 0000,-54.0,6.234097921967246
3008 33B2 DDD9 0140 0000 0000,-54.5,6.270913460876501
3008 33B2 DDD9 0140 0000 0000,-54.0,6.277049384028044
3008 33B2 DDD9 0140 0000 0000,-54.5,6.258641614573416
3008 33B2 DDD9 0140 0000 0000,-54.5,0.030679615757712497
3008 33B2 DDD9 0140 0000 0000,-54.5,0.030679615757712497
3008 33B2 DDD9 0140 0000 0000,-54.0,0.024543692606170175
3008 33B2 DDD9 0140 0000 0000,-54.5,0.018407769454627854
3008 33B2 DDD9 0140 0000 0000,-54.5,6.2463697682703305
3008 33B2 DDD9 0140 0000 0000,-54.0,6.264777537724958
3008 33B2 DDD9 0140 0000 0000,-54.0,6.283185307179586
3008 33B2 DDD9 0140 0000 0000,-54.0,6.240233845118788
3008 33B2 DDD9 0140 0000 0000,-54.0,6.252505691421874
3008 33B2 DDD9 0140 0000 0000,-54.5,6.270913460876501
3008 33B2 DDD9 0140 0000 0000,-54.5,6.252505691421874
3008 33B2 DDD9 0140 0000 0000,-54.5,6.277049384028044
3008 33B2 DDD9 0140 0000 0000,-54.0,6.283185307179586
3008 33B2 DDD9 0140 0000 0000,-54.0,6.283185307179586
3008 33B2 DDD9 0140 0000 0000,-54.0,6.252505691421874
3008 33B2 DDD9 0140 0000 0000,-54.0,6.252505691421874
