3008 33B2 DDD9 0140 0000 0000,-55.0,6.178874613603362
3008 33B2 DDD9 0140 0000 0000,-55.0,6.163534805724506
3008 33B2 DDD9 0140 0000 0000,-54.5,6.166602767300278
3008 33B2 DDD9 0140 0000 0000,-54.5,6.191146459906448
3008 33B2 DDD9 0140 0000 0000,-54.5,6.191146459906448
3008 33B2 DDD9 0140 0000 0000,-54.5,6.19728238305799
3008 33B2 DDD9 0140 0000 0000,-54.5,6.209554229361076
3008 33B2 DDD9 0140 0000 0000,-54.5,6.2034183062095325
3008 33B2 DDD9 0140 0000 0000,-54.5,6.191146459906448
3008 33B2 DDD9 0140 0000 0000,-54.5,6.17273869045182
3008 33B2 DDD9 0140 0000 0000,-54.5,6.1850105367549055
3008 33B2 DDD9 0140 0000 0000,-54.5,6.1850105367549055
3008 33B2 DDD9 0140 0000 0000,-54.5,6.1850105367549055
3008 33B2 DDD9 0140 0000 0000,-54.5,6.166602767300278
3008 33B2 DDD9 0140 0000 0000,-55.0,6.215690152512618
3008 33B2 DDD9 0140 0000 0000,-55.0,6.227961998815704
3008 33B2 DDD9 0140 0000 0000,-54.5,6.154330920997192
3008 33B2 DDD9 0140 0000 0000,-55.0,6.2463697682703305
3008 33B2 DDD9 0140 0000 0000,-54.5,6.191146459906448
3008 33B2 DDD9 0140 0000 0000,-54.5,6.22182607566416
3008 33B2 DDD9 0140 0000 0000,-55.0,6.227961998815704
3008 33B2 DDD9 0140 0000 0000,-54.5,6.178874613603362
3008 33B2 DDD9 0140 0000 0000,-54.5,6.178874613603362
3008 33B2 DDD9 0140 0000 0000,-55.0,6.191146459906448
3008 33B2 DDD9 0140 0000 0000,-54.5,6.178874613603362
3008 33B2 DDD9 0140 0000 0000,-54.5,6.178874613603362
3008 33B2 DDD9 0140 0000 0000,-54.5,6.191146459906448
3008 33B2 DDD9 0140 0000 0000,-54.5,6.2034183062095325
3008 33B2 DDD9 0140 0000 0000,-54.5,6.1850105367549055
3008 33B2 DDD9 0140 0000 0000,-54.5,6.17273869045182
3008 33B2 DDD9 0140 0000 0000,-54.5,6.178874613603362
3008 33B2 DDD9 0140 0000 0000,-55.0,6.1850105367549055
3008 33B2 DDD9 0140 0000 0000,-54.5,6.19728238305799
3008 33B2 DDD9 0140 0000 0000,-54.5,6.154330920997192
3008 33B2 DDD9 0140 0000 0000,-54.5,6.209554229361076
3008 33B2 DDD9 0140 0000 0000,-54.5,6.191146459906448
3008 33B2 DDD9 0140 0000 0000,-54.5,6.154330920997192
3008 33B2 DDD9 0140 0000 0000,-54.5,6.227961998815704
3008 33B2 DDD9 0140 0000 0000,-55.0,6.277049384028044
3008 33B2 DDD9 0140 0000 0000,-54.5,6.154330920997192
3008 33B2 DDD9 0140 0000 0000,-54.5,6.154330920997192
3008 33B2 DDD9 0140 0000 0000,-54.5,6.2034183062095325
3008 33B2 DDD9 0140 0000 0000,-54.5,6.17273869045182
